20160104,102.610001,105.370003,102.000000,102.190376,105.349998,67649400.000000
20160105,105.750000,105.849998,102.410004,99.629555,102.709999,55791000.000000
20160106,100.559998,102.370003,99.870003,97.679848,100.699997,68457400.000000
20160107,98.680000,100.129997,96.430000,93.557297,96.449997,81094400.000000
20160108,98.550003,99.110001,96.760002,94.052017,96.959999,70798000.000000
20160111,98.970001,99.059998,97.339996,95.574928,98.529999,49739400.000000
20160112,100.550003,100.690002,98.839996,96.962036,99.959999,49154200.000000
20160113,100.320000,101.190002,97.300003,94.469124,97.389999,62439600.000000
20160114,97.959999,100.480003,95.739998,96.535217,99.519997,63170100.000000
20160115,96.199997,97.709999,95.360001,94.216911,97.129997,79010000.000000
20160119,98.410004,98.650002,95.500000,93.761017,96.660004,53087700.000000
20160120,95.099998,98.190002,93.419998,93.887115,96.790001,72334400.000000
20160121,97.059998,97.879997,94.940002,93.411812,96.300003,52161500.000000
20160122,98.629997,101.459999,98.370003,98.378242,101.419998,65800500.000000
20160125,101.519997,101.529999,99.209999,96.457626,99.440002,51794500.000000
20160126,99.930000,100.879997,98.070000,96.991135,99.989998,75077000.000000
20160127,96.040001,96.629997,93.339996,90.618187,93.419998,133369700.000000
20160128,93.790001,94.519997,92.389999,91.268089,94.089996,55678800.000000
20160129,94.790001,97.339996,94.349998,94.420609,97.339996,64416500.000000
20160201,96.470001,96.709999,95.400002,93.537910,96.430000,40943500.000000
20160202,95.419998,96.040001,94.279999,91.646393,94.480003,37357200.000000
20160203,95.000000,96.839996,94.080002,93.460312,96.349998,45964300.000000
20160204,95.860001,97.330002,95.190002,94.211258,96.599998,46471700.000000
20160205,96.519997,96.919998,93.690002,91.695061,94.019997,46418100.000000
20160208,93.129997,95.699997,93.040001,92.660583,95.010002,54021400.000000
20160209,94.290001,95.940002,93.930000,92.641068,94.989998,44331200.000000
20160210,95.919998,96.349998,94.099998,91.938881,94.269997,42343600.000000
20160211,93.790001,94.720001,92.589996,91.382980,93.699997,50074700.000000
20160212,94.190002,94.500000,93.010002,91.665810,93.989998,40351400.000000
20160216,95.019997,96.849998,94.610001,94.250275,96.639999,49057900.000000
20160217,96.669998,98.209999,96.150002,95.693672,98.120003,44863200.000000
20160218,98.839996,98.889999,96.089996,93.879677,96.260002,39021000.000000
20160219,96.000000,96.760002,95.800003,93.665115,96.040001,35374200.000000
20160222,96.309998,96.900002,95.919998,94.484337,96.879997,34280800.000000
20160223,96.400002,96.500000,94.550003,92.348495,94.690002,31942600.000000
20160224,93.980003,96.379997,93.320000,93.723625,96.099998,36255700.000000
20160225,96.050003,96.760002,95.250000,94.367310,96.760002,27582700.000000
20160226,97.199997,98.019997,96.580002,94.513603,96.910004,28991100.000000
20160229,96.860001,98.230003,96.650002,94.299042,96.690002,35216300.000000
20160301,97.650002,100.769997,97.419998,98.044075,100.529999,50407100.000000
20160302,100.510002,100.889999,99.639999,98.258652,100.750000,33169600.000000
20160303,100.580002,101.709999,100.449997,98.990097,101.500000,36955700.000000
20160304,102.370003,103.750000,101.370003,100.462761,103.010002,46055100.000000
20160307,102.389999,102.830002,100.959999,99.350945,101.870003,35828900.000000
20160308,100.779999,101.760002,100.400002,98.531715,101.029999,31561900.000000
20160309,101.309998,101.580002,100.269997,98.619499,101.120003,27201700.000000
20160310,101.410004,102.239998,100.150002,98.668251,101.169998,33513600.000000
20160311,102.239998,102.279999,101.500000,99.731300,102.260002,27408200.000000
20160314,101.910004,102.910004,101.779999,99.984879,102.519997,25076100.000000
20160315,103.959999,105.180000,103.849998,101.993942,104.580002,40067700.000000
20160316,104.610001,106.309998,104.589996,103.349571,105.970001,38303500.000000
20160317,105.519997,106.470001,104.959999,103.183762,105.800003,34420700.000000
20160318,106.339996,106.500000,105.190002,103.300804,105.919998,44205200.000000
20160321,105.930000,107.650002,105.139999,103.291046,105.910004,35502700.000000
20160322,105.250000,107.290001,105.209999,104.081009,106.720001,32444400.000000
20160323,106.480003,107.070000,105.900002,103.505608,106.129997,25703500.000000
20160324,105.470001,106.250000,104.889999,103.056976,105.669998,26133000.000000
20160328,106.000000,106.190002,105.059998,102.588852,105.190002,19411400.000000
20160329,104.889999,107.790001,104.879997,105.017281,107.680000,31190100.000000
20160330,108.650002,110.419998,108.599998,106.850792,109.559998,45601100.000000
20160331,109.720001,109.900002,108.879997,106.294884,108.989998,25888400.000000
20160401,108.779999,110.000000,108.199997,107.270149,109.989998,25874000.000000
20160404,110.419998,112.190002,110.269997,108.372215,111.120003,37356200.000000
20160405,109.510002,110.730003,109.419998,107.094597,109.809998,26578700.000000
20160406,110.230003,110.980003,109.199997,108.216171,110.959999,26404100.000000
20160407,109.949997,110.419998,108.120003,105.856026,108.540001,31801900.000000
20160408,108.910004,109.769997,108.169998,105.973045,108.660004,23581700.000000
20160411,108.970001,110.610001,108.830002,106.324135,109.019997,29407500.000000
20160412,109.339996,110.500000,108.660004,107.709030,110.440002,27232300.000000
20160413,110.800003,112.339996,110.800003,109.269463,112.040001,33257300.000000
20160414,111.620003,112.389999,111.330002,109.327972,112.099998,25473900.000000
20160415,112.110001,112.300003,109.730003,107.133614,109.849998,46939000.000000
20160418,108.889999,108.949997,106.940002,104.822220,107.480003,60834000.000000
20160419,107.879997,108.000000,106.230003,104.266327,106.910004,32384900.000000
20160420,106.639999,108.089996,106.059998,104.480873,107.129997,30611000.000000
20160421,106.930000,106.930000,105.519997,103.349571,105.970001,31552500.000000
20160422,105.010002,106.480003,104.620003,103.066734,105.680000,33683100.000000
20160425,105.000000,105.650002,104.510002,102.481575,105.080002,28031600.000000
20160426,103.910004,105.300003,103.910004,101.769615,104.349998,56016200.000000
20160427,96.000000,98.709999,95.680000,95.401100,97.820000,114602100.000000
20160428,97.610001,97.879997,94.250000,92.485031,94.830002,82242700.000000
20160429,93.989998,94.720001,92.510002,91.421997,93.739998,68531500.000000
20160502,93.970001,94.080002,92.400002,91.324463,93.639999,48160100.000000
20160503,94.199997,95.739998,93.680000,92.826378,95.180000,56831300.000000
20160504,95.199997,95.900002,93.820000,91.860863,94.190002,41025500.000000
20160505,94.000000,94.070000,92.680000,91.487999,93.239998,35890500.000000
20160506,93.370003,93.449997,91.849998,90.977768,92.720001,43458200.000000
20160509,93.000000,93.769997,92.589996,91.046455,92.790001,32936400.000000
20160510,93.330002,93.570000,92.110001,91.664612,93.419998,33686800.000000
20160511,93.480003,93.570000,92.459999,90.771721,92.510002,28719100.000000
20160512,92.720001,92.779999,89.470001,88.642487,90.339996,76314700.000000
20160513,90.000000,91.669998,90.000000,88.819107,90.519997,44392800.000000
20160516,92.389999,94.389999,91.650002,92.115974,93.879997,61259800.000000
20160517,94.550003,94.699997,93.010002,91.733299,93.489998,46916900.000000
20160518,94.160004,95.209999,93.889999,92.783195,94.559998,42062400.000000
20160519,94.639999,94.639999,93.570000,92.429955,94.199997,30442100.000000
20160520,94.639999,95.430000,94.519997,93.430801,95.220001,32026000.000000
20160523,95.870003,97.190002,95.669998,94.618050,96.430000,38018600.000000
20160524,97.220001,98.089996,96.839996,96.060440,97.900002,35140200.000000
20160525,98.669998,99.739998,98.110001,97.748116,99.620003,38168800.000000
20160526,99.680000,100.730003,98.639999,98.523285,100.410004,56331200.000000
20160527,99.440002,100.470001,99.250000,98.464394,100.349998,36229500.000000
20160531,99.599998,100.400002,98.820000,97.983612,99.860001,42307200.000000
20160601,99.019997,99.540001,98.330002,96.609924,98.459999,29173300.000000
20160602,97.599998,97.839996,96.629997,95.883820,97.720001,40191600.000000
20160603,97.790001,98.269997,97.449997,96.080055,97.919998,28062900.000000
20160606,97.989998,101.889999,97.550003,96.776718,98.629997,23292500.000000
20160607,99.250000,99.870003,98.959999,97.169197,99.029999,22409500.000000
20160608,99.019997,99.559998,98.680000,97.080902,98.940002,20848100.000000
20160609,98.500000,99.989998,98.459999,97.777550,99.650002,26601400.000000
20160610,98.529999,99.349998,98.480003,96.972954,98.830002,31712900.000000
20160613,98.690002,99.120003,97.099998,95.510956,97.339996,38020500.000000
20160614,97.320000,98.480003,96.750000,95.628708,97.459999,31931900.000000
20160615,97.820000,98.410004,97.029999,95.314720,97.139999,29445200.000000
20160616,96.449997,97.750000,96.070000,95.717018,97.550003,31326800.000000
20160617,96.620003,96.650002,95.300003,93.538727,95.330002,61008200.000000
20160620,96.000000,96.570000,95.029999,93.313049,95.099998,34411900.000000
20160621,94.940002,96.349998,94.680000,94.107834,95.910004,35546400.000000
20160622,96.250000,96.889999,95.349998,93.754601,95.550003,29219100.000000
20160623,95.940002,96.290001,95.250000,94.294258,96.099998,32240200.000000
20160624,92.910004,94.660004,92.650002,91.644997,93.400002,75311400.000000
20160627,93.000000,93.050003,91.500000,90.310555,92.040001,45489600.000000
20160628,92.900002,93.660004,92.139999,91.831421,93.589996,40444900.000000
20160629,93.970001,94.550003,93.629997,92.626205,94.400002,36531000.000000
20160630,94.440002,95.769997,94.300003,93.803650,95.599998,35836400.000000
20160701,95.489998,96.470001,95.330002,94.088203,95.889999,26026500.000000
20160705,95.389999,95.400002,94.459999,93.205109,94.989998,27705200.000000
20160706,94.599998,95.660004,94.370003,93.734970,95.529999,30949100.000000
20160707,95.699997,96.500000,95.620003,94.137268,95.940002,25139600.000000
20160708,96.489998,96.889999,96.050003,94.863365,96.680000,28912100.000000
20160711,96.750000,97.650002,96.730003,95.157722,96.980003,23794900.000000
20160712,97.169998,97.699997,97.120003,95.589455,97.419998,24167500.000000
20160713,97.410004,97.669998,96.839996,95.049797,96.870003,25892200.000000
20160714,97.389999,98.989998,97.320000,96.933723,98.790001,38919000.000000
20160715,98.919998,99.300003,98.500000,96.923904,98.779999,30137000.000000
20160718,98.699997,100.129997,98.599998,97.954170,99.830002,36493900.000000
20160719,99.559998,100.000000,99.339996,97.993423,99.870003,23779900.000000
20160720,100.000000,100.459999,99.739998,98.081734,99.959999,26276000.000000
20160721,99.830002,101.000000,99.129997,97.561691,99.430000,32702000.000000
20160722,99.260002,99.300003,98.309998,96.806160,98.660004,28313700.000000
20160725,98.250000,98.839996,96.919998,95.510956,97.339996,40382900.000000
20160726,96.820000,97.970001,96.419998,94.853554,96.669998,56239800.000000
20160727,104.269997,104.349998,102.750000,101.015549,102.949997,92344800.000000
20160728,102.830002,104.449997,102.820000,102.379417,104.339996,39869800.000000
20160729,104.190002,104.550003,103.680000,102.251869,104.209999,27733700.000000
20160801,104.410004,106.150002,104.410004,104.057297,106.050003,38167900.000000
20160802,106.050003,106.070000,104.000000,102.516800,104.480003,33816600.000000
20160803,104.809998,105.839996,104.769997,103.802185,105.790001,30202600.000000
20160804,105.580002,106.000000,105.279999,104.443428,105.870003,27408700.000000
20160805,106.269997,107.650002,106.180000,106.031723,107.480003,40553400.000000
20160808,107.519997,108.370003,107.160004,106.909737,108.370003,28037200.000000
20160809,108.230003,108.940002,108.010002,107.343811,108.809998,26315200.000000
20160810,108.709999,108.900002,107.760002,106.544724,108.000000,24008500.000000
20160811,108.519997,108.930000,107.849998,106.475662,107.930000,27484500.000000
20160812,107.779999,108.440002,107.779999,106.722298,108.180000,18660400.000000
20160815,108.139999,109.540001,108.080002,108.004776,109.480003,25868200.000000
20160816,109.629997,110.230003,109.209999,107.906120,109.379997,33794400.000000
20160817,109.099998,109.370003,108.339996,107.748291,109.220001,25356000.000000
20160818,109.230003,109.599998,109.019997,107.610176,109.080002,21984700.000000
20160819,108.769997,109.690002,108.360001,107.886398,109.360001,25368100.000000
20160822,108.860001,109.099998,107.849998,107.047852,108.510002,25820200.000000
20160823,108.589996,109.320000,108.529999,107.383263,108.849998,21257700.000000
20160824,108.570000,108.750000,107.680000,106.574318,108.029999,23675100.000000
20160825,107.389999,107.879997,106.680000,106.120514,107.570000,25086200.000000
20160826,107.410004,107.949997,106.309998,105.499008,106.940002,27766300.000000
20160829,106.620003,107.440002,106.290001,105.380623,106.820000,24970300.000000
20160830,105.800003,106.500000,105.500000,104.571663,106.000000,24863900.000000
20160831,105.660004,106.570000,105.639999,104.670319,106.099998,29662400.000000
20160901,106.139999,106.800003,105.620003,105.291840,106.730003,26701500.000000
20160902,107.699997,108.000000,106.820000,106.278366,107.730003,26802500.000000
20160906,107.900002,108.300003,107.510002,106.248756,107.699997,26880400.000000
20160907,107.830002,108.760002,107.070000,106.899872,108.360001,42364300.000000
20160908,107.250000,107.269997,105.239998,104.098145,105.519997,53002000.000000
20160909,104.639999,105.720001,103.129997,101.740341,103.129997,46557000.000000
20160912,102.650002,105.720001,102.529999,104.019218,105.440002,45292800.000000
20160913,107.510002,108.790001,107.239998,106.495399,107.949997,62176200.000000
20160914,108.730003,113.029999,108.599998,110.263916,111.769997,110888700.000000
20160915,113.860001,115.730003,113.489998,114.012718,115.570000,89983600.000000
20160916,115.120003,116.129997,114.040001,113.371475,114.919998,79886900.000000
20160919,115.190002,116.180000,113.250000,112.049530,113.580002,47023000.000000
20160920,113.050003,114.120003,112.510002,112.039665,113.570000,34514300.000000
20160921,113.849998,113.989998,112.440002,112.019936,113.550003,36003200.000000
20160922,114.349998,114.940002,114.000000,113.075523,114.620003,31074000.000000
20160923,114.419998,114.790001,111.550003,111.191254,112.709999,52481200.000000
20160926,111.639999,113.389999,111.550003,111.358955,112.879997,29869400.000000
20160927,113.000000,113.180000,112.339996,111.566124,113.089996,24607400.000000
20160928,113.690002,114.639999,113.430000,112.414543,113.949997,29641100.000000
20160929,113.160004,113.800003,111.800003,110.668396,112.180000,35887000.000000
20160930,112.459999,113.370003,111.800003,111.526680,113.050003,36379100.000000
20161003,112.709999,113.050003,112.279999,111.003807,112.519997,21701800.000000
20161004,113.059998,114.309998,112.629997,111.477348,113.000000,29736800.000000
20161005,113.400002,113.660004,112.690002,111.526680,113.050003,21453100.000000
20161006,113.699997,114.339996,113.129997,112.355354,113.889999,28779300.000000
20161007,114.309998,114.559998,113.510002,112.523064,114.059998,24358400.000000
20161010,115.019997,116.750000,114.720001,114.486252,116.050003,36236000.000000
20161011,117.699997,118.690002,116.199997,114.732880,116.300003,64041000.000000
20161012,117.349998,117.980003,116.750000,115.758865,117.339996,37586800.000000
20161013,116.790001,117.440002,115.720001,115.403717,116.980003,35192400.000000
20161014,117.879997,118.169998,117.129997,116.044960,117.629997,35652200.000000
20161017,117.330002,117.839996,116.779999,115.966042,117.550003,23624900.000000
20161018,118.180000,118.209999,117.449997,115.887123,117.470001,24553500.000000
20161019,117.250000,117.760002,113.800003,115.541832,117.120003,20034600.000000
20161020,116.860001,117.379997,116.330002,115.482635,117.059998,24125800.000000
20161021,116.809998,116.910004,116.279999,115.028831,116.599998,23192700.000000
20161024,117.099998,117.739998,117.000000,116.064682,117.650002,23538700.000000
20161025,117.949997,118.360001,117.309998,116.656609,118.250000,48129000.000000
20161026,114.309998,115.699997,113.309998,114.032448,115.589996,66134200.000000
20161027,115.389999,115.860001,114.099998,112.937408,114.480003,34562000.000000
20161028,113.870003,115.209999,113.449997,112.187653,113.720001,37861700.000000
20161031,113.650002,114.230003,113.199997,112.010071,113.540001,26419400.000000
20161101,113.459999,113.769997,110.529999,109.987694,111.489998,43825800.000000
20161102,111.400002,112.349998,111.230003,110.086349,111.589996,28331700.000000
20161103,110.980003,111.459999,109.550003,108.906357,109.830002,26932600.000000
20161104,108.529999,110.250000,108.110001,107.924675,108.839996,30837000.000000
20161107,110.080002,110.510002,109.459999,109.481483,110.410004,32560000.000000
20161108,110.309998,111.720001,109.699997,110.126007,111.059998,24054500.000000
20161109,109.879997,111.320000,108.050003,109.947525,110.879997,59176400.000000
20161110,111.089996,111.089996,105.830002,106.883514,107.790001,57134500.000000
20161111,107.120003,108.870003,106.550003,107.518127,108.430000,34094100.000000
20161114,107.709999,107.809998,104.080002,104.820999,105.709999,51175500.000000
20161115,106.570000,107.680000,106.160004,106.209229,107.110001,32264500.000000
20161116,106.699997,110.230003,106.599998,109.065002,109.989998,58840500.000000
20161117,109.809998,110.349998,108.830002,109.025345,109.949997,27632000.000000
20161118,109.720001,110.540001,109.660004,109.134422,110.059998,28428900.000000
20161121,110.120003,111.989998,110.010002,110.790382,111.730003,29264600.000000
20161122,111.949997,112.419998,111.400002,110.859787,111.800003,25965500.000000
20161123,111.360001,111.510002,110.330002,110.294586,111.230003,27426400.000000
20161125,111.129997,111.870003,110.949997,110.849876,111.790001,11475900.000000
20161128,111.430000,112.470001,111.389999,110.631721,111.570000,27194000.000000
20161129,110.779999,112.029999,110.070000,110.522652,111.459999,28528800.000000
20161130,111.599998,112.199997,110.269997,109.590553,110.519997,36162300.000000
20161201,110.370003,110.940002,109.029999,108.569214,109.489998,37086900.000000
20161202,109.169998,110.089996,108.849998,108.975769,109.900002,26528000.000000
20161205,110.000000,110.029999,108.250000,108.192413,109.110001,34324500.000000
20161206,109.500000,110.360001,109.190002,109.025345,109.949997,26195500.000000
20161207,109.260002,111.190002,109.160004,110.096260,111.029999,29998700.000000
20161208,110.860001,112.430000,110.599998,111.177101,112.120003,27068300.000000
20161209,112.309998,114.699997,112.309998,112.991707,113.949997,34402600.000000
20161212,113.290001,115.000000,112.489998,112.347183,113.300003,26374400.000000
20161213,113.839996,115.919998,113.750000,114.221283,115.190002,43733800.000000
20161214,115.040001,116.199997,114.980003,114.221283,115.190002,34031800.000000
20161215,115.379997,116.730003,115.230003,114.845985,115.820000,46524500.000000
20161216,116.470001,116.500000,115.650002,114.994720,115.970001,44351100.000000
20161219,115.800003,117.379997,115.750000,115.659088,116.639999,27779400.000000
20161220,116.739998,117.500000,116.680000,115.966476,116.949997,21425000.000000
20161221,116.800003,117.400002,116.779999,116.075554,117.059998,23783200.000000
20161222,116.349998,116.510002,115.639999,115.312035,116.290001,26085900.000000
20161223,115.589996,116.519997,115.589996,115.540092,116.519997,14181200.000000
20161227,116.519997,117.800003,116.489998,116.273872,117.260002,18296900.000000
20161228,117.519997,118.019997,116.199997,115.778084,116.760002,20905900.000000
20161229,116.449997,117.110001,116.400002,115.748337,116.730003,15039500.000000
20161230,116.650002,117.199997,115.430000,114.845985,115.820000,30586300.000000
20170103,115.800003,116.330002,114.760002,115.173210,116.150002,28781900.000000
20170104,115.849998,116.510002,115.750000,115.044304,116.019997,21118100.000000
20170105,115.919998,116.860001,115.809998,115.629341,116.610001,22193600.000000
20170106,116.779999,118.160004,116.470001,116.918411,117.910004,31751900.000000
20170109,117.949997,119.430000,117.940002,117.989319,118.989998,33561900.000000
20170110,118.769997,119.379997,118.300003,118.108315,119.110001,24462100.000000
20170111,118.739998,119.930000,118.599998,118.742935,119.750000,27588600.000000
20170112,118.900002,119.300003,118.209999,118.247139,119.250000,27086200.000000
20170113,119.110001,119.620003,118.809998,118.038902,119.040001,26111900.000000
20170117,118.339996,120.239998,118.220001,118.990829,120.000000,34439800.000000
20170118,120.000000,120.500000,119.709999,118.980911,119.989998,23713000.000000
20170119,119.400002,120.089996,119.370003,118.772675,119.779999,25597300.000000
20170120,120.449997,120.449997,119.730003,118.990829,120.000000,32597900.000000
20170123,120.000000,120.809998,119.769997,119.070160,120.080002,22050200.000000
20170124,119.550003,120.099998,119.500000,118.961090,119.970001,23211000.000000
20170125,120.419998,122.099998,120.279999,120.855019,121.879997,32377600.000000
20170126,121.669998,122.440002,121.599998,120.914520,121.940002,26337600.000000
20170127,122.139999,122.349998,121.599998,120.924423,121.949997,20562900.000000
20170130,120.930000,121.629997,120.660004,120.607117,121.629997,30377500.000000
20170131,121.150002,121.389999,120.620003,120.329475,121.349998,49201000.000000
20170201,127.029999,130.490005,127.010002,127.667236,128.750000,111985000.000000
20170202,127.980003,129.389999,127.779999,127.449089,128.529999,33710400.000000
20170203,128.309998,129.190002,128.160004,127.994469,129.080002,24507300.000000
20170206,129.130005,130.500000,128.899994,129.194290,130.289993,26845900.000000
20170207,130.539993,132.089996,130.449997,130.423859,131.529999,38183800.000000
20170208,131.350006,132.220001,131.220001,130.929581,132.039993,23004100.000000
20170209,131.649994,132.449997,131.119995,131.875671,132.419998,28349900.000000
20170210,132.460007,132.940002,132.050003,131.576904,132.119995,20065500.000000
20170213,133.080002,133.820007,132.750000,132.742081,133.289993,23035400.000000
20170214,133.470001,135.089996,133.250000,134.464981,135.020004,33226200.000000
20170215,135.520004,136.270004,134.619995,134.952957,135.509995,35623100.000000
20170216,135.669998,135.899994,134.839996,134.793625,135.350006,22584600.000000
20170217,135.100006,135.830002,135.100006,135.162109,135.720001,22198200.000000
20170221,136.229996,136.750000,135.979996,136.138077,136.699997,24507200.000000
20170222,136.429993,137.119995,136.110001,136.546387,137.110001,20836900.000000
20170223,137.380005,137.479996,136.300003,135.968781,136.529999,20788200.000000
20170224,135.910004,136.660004,135.279999,136.098251,136.660004,21776600.000000
20170227,137.139999,137.440002,136.279999,136.367126,136.929993,20257400.000000
20170228,137.080002,137.440002,136.699997,136.426895,136.990005,23482900.000000
20170301,137.889999,140.149994,137.600006,139.215363,139.789993,36414600.000000
20170302,140.000000,140.279999,138.759995,138.388794,138.960007,26211000.000000
20170303,138.779999,139.830002,138.589996,139.205414,139.779999,21108100.000000
20170306,139.369995,139.770004,138.600006,138.767227,139.339996,21750000.000000
20170307,139.059998,139.979996,138.789993,138.946487,139.520004,17446300.000000
20170308,138.949997,139.800003,138.820007,138.428619,139.000000,18707200.000000
20170309,138.740005,138.789993,137.050003,138.109924,138.679993,22155900.000000
20170310,139.250000,139.360001,138.639999,138.568039,139.139999,19612800.000000
20170313,138.850006,139.429993,138.820007,138.627792,139.199997,17421700.000000
20170314,139.300003,139.649994,138.839996,138.418671,138.990005,15309100.000000
20170315,139.410004,140.750000,139.029999,139.882629,140.460007,25691800.000000
20170316,140.720001,141.020004,140.259995,140.111679,140.690002,19232000.000000
20170317,141.000000,141.000000,139.889999,139.414551,139.990005,43885000.000000
20170320,140.399994,141.500000,140.229996,140.878510,141.460007,21542000.000000
20170321,142.110001,142.800003,139.729996,139.265167,139.839996,39529900.000000
20170322,139.850006,141.600006,139.759995,140.838669,141.419998,25860200.000000
20170323,141.259995,141.580002,140.610001,140.340729,140.919998,20346300.000000
20170324,141.500000,141.740005,140.350006,140.061874,140.639999,22395600.000000
20170327,139.389999,141.220001,138.619995,140.300903,140.880005,23575100.000000
20170328,140.910004,144.039993,140.619995,143.208893,143.800003,33374800.000000
20170329,143.679993,144.490005,143.190002,143.527573,144.119995,29190000.000000
20170330,144.190002,144.500000,143.500000,143.338348,143.929993,21207300.000000
20170331,143.720001,144.270004,143.009995,143.069473,143.660004,19661700.000000
20170403,143.710007,144.119995,143.050003,143.109299,143.699997,19985700.000000
20170404,143.250000,144.889999,143.169998,144.174911,144.770004,19891400.000000
20170405,144.220001,145.460007,143.809998,143.427994,144.020004,27717900.000000
20170406,144.289993,144.520004,143.449997,143.069473,143.660004,21149000.000000
20170407,143.729996,144.179993,143.270004,142.750778,143.339996,16672200.000000
20170410,143.600006,143.880005,142.899994,142.581482,143.169998,18933400.000000
20170411,142.940002,143.350006,140.059998,141.047821,141.630005,30379400.000000
20170412,141.600006,142.149994,141.009995,141.217117,141.800003,20350000.000000
20170413,141.910004,142.380005,141.050003,140.470200,141.050003,17822900.000000
20170417,141.479996,141.880005,140.869995,141.246994,141.830002,16582100.000000
20170418,141.410004,142.039993,141.110001,140.619568,141.199997,14697500.000000
20170419,141.880005,142.000000,140.449997,140.101715,140.679993,17328400.000000
20170420,141.220001,142.919998,141.160004,141.854477,142.440002,23319600.000000
20170421,142.440002,142.679993,141.850006,141.685181,142.270004,17320900.000000
20170424,143.500000,143.949997,143.179993,143.049545,143.639999,17134300.000000
20170425,143.910004,144.899994,143.869995,143.935883,144.529999,18871500.000000
20170426,144.470001,144.600006,143.380005,143.089371,143.679993,20041200.000000
20170427,143.919998,144.160004,143.309998,143.198929,143.789993,14246300.000000
20170428,144.089996,144.300003,143.270004,143.059494,143.649994,20860400.000000
20170501,145.100006,147.199997,144.960007,145.977463,146.580002,33602900.000000
20170502,147.539993,148.089996,146.839996,146.903641,147.509995,45352200.000000
20170503,145.589996,147.490005,144.270004,146.455490,147.059998,45697000.000000
20170504,146.520004,147.139999,145.809998,145.927673,146.529999,23371900.000000
20170505,146.759995,148.979996,146.759995,148.347687,148.960007,27327700.000000
20170508,149.029999,153.699997,149.029999,152.381027,153.009995,48752400.000000
20170509,153.869995,154.880005,153.449997,153.357010,153.990005,39130400.000000
20170510,153.630005,153.940002,152.110001,152.630005,153.259995,25805700.000000
20170511,152.449997,154.070007,152.309998,153.949997,153.949997,27255100.000000
20170512,154.699997,156.419998,154.669998,156.100006,156.100006,32527000.000000
20170515,156.009995,156.649994,155.050003,155.699997,155.699997,26009700.000000
20170516,155.940002,156.059998,154.720001,155.470001,155.470001,20048500.000000
20170517,153.600006,154.570007,149.710007,150.250000,150.250000,50767700.000000
20170518,151.270004,153.339996,151.130005,152.539993,152.539993,33568200.000000
20170519,153.380005,153.979996,152.630005,153.059998,153.059998,26960800.000000
20170522,154.000000,154.580002,152.910004,153.990005,153.990005,22966400.000000
20170523,154.899994,154.899994,153.309998,153.800003,153.800003,19918900.000000
20170524,153.839996,154.169998,152.669998,153.339996,153.339996,19178000.000000
20170525,153.729996,154.350006,153.029999,153.869995,153.869995,19235600.000000
20170526,154.000000,154.240005,153.309998,153.610001,153.610001,21701100.000000
20170530,153.419998,154.429993,153.330002,153.669998,153.669998,20126900.000000
20170531,153.970001,154.169998,152.380005,152.759995,152.759995,24451200.000000
20170601,153.169998,153.330002,152.220001,153.179993,153.179993,16404100.000000
20170602,153.580002,155.449997,152.889999,155.449997,155.449997,27770700.000000
20170605,154.339996,154.449997,153.460007,153.929993,153.929993,25331700.000000
20170606,153.899994,155.809998,153.779999,154.449997,154.449997,26624900.000000
20170607,155.020004,155.979996,154.479996,155.369995,155.369995,21069600.000000
20170608,155.250000,155.539993,154.399994,154.990005,154.990005,21250800.000000
20170609,155.190002,155.190002,146.020004,148.979996,148.979996,64882700.000000
20170612,145.740005,146.089996,142.509995,145.419998,145.419998,72307300.000000
20170613,147.160004,147.449997,145.149994,146.589996,146.589996,34165400.000000
20170614,147.500000,147.500000,143.839996,145.160004,145.160004,31531200.000000
20170615,143.320007,144.479996,142.210007,144.289993,144.289993,32165400.000000
20170616,143.779999,144.500000,142.199997,142.270004,142.270004,50361100.000000
20170619,143.660004,146.740005,143.660004,146.339996,146.339996,32541400.000000
20170620,146.869995,146.869995,144.940002,145.009995,145.009995,24900100.000000
20170621,145.520004,146.070007,144.610001,145.869995,145.869995,21265800.000000
20170622,145.770004,146.699997,145.119995,145.630005,145.630005,19106300.000000
20170623,145.130005,147.160004,145.110001,146.279999,146.279999,35439400.000000
20170626,147.169998,148.279999,145.380005,145.820007,145.820007,25692400.000000
20170627,145.009995,146.160004,143.619995,143.729996,143.729996,24761900.000000
20170628,144.490005,146.110001,143.160004,145.830002,145.830002,22082400.000000
20170629,144.710007,145.130005,142.279999,143.679993,143.679993,31499400.000000
20170630,144.449997,144.960007,143.779999,144.020004,144.020004,23024100.000000
20170703,144.880005,145.300003,143.100006,143.500000,143.500000,14258300.000000
20170705,143.690002,144.789993,142.720001,144.089996,144.089996,21569600.000000
20170706,143.020004,143.500000,142.410004,142.729996,142.729996,24128800.000000
20170707,142.899994,144.750000,142.899994,144.179993,144.179993,19201700.000000
20170710,144.110001,145.949997,143.369995,145.059998,145.059998,21090600.000000
20170711,144.729996,145.850006,144.380005,145.529999,145.529999,19781800.000000
20170712,145.869995,146.179993,144.820007,145.740005,145.740005,24884500.000000
20170713,145.500000,148.490005,145.440002,147.770004,147.770004,25199400.000000
20170714,147.970001,149.330002,147.330002,149.039993,149.039993,20064900.000000
